5184.41	-56981.02	-0.181470156
5184.39	-56980.89	-0.181469738
5184.35	-56980.69	-0.181469098
5184.42	-56981.04	-0.181470230
5184.57	-56981.90	-0.181473002
5184.64	-56982.27	-0.181474194
5184.64	-56982.26	-0.181474164
5184.54	-56981.69	-0.181472331
5184.40	-56980.95	-0.181469962
5184.26	-56980.16	-0.181467414
5184.16	-56979.65	-0.181465775
5186.08	-56979.19	-0.181464270
5186.07	-56979.13	-0.181464076
5186.09	-56979.26	-0.181464493
5188.12	-56979.42	-0.181465015
5189.90	-56978.21	-0.181461126
5191.12	-56973.99	-0.181447521
5193.93	-56967.51	-0.181426659
5194.44	-56959.35	-0.181400388
5196.76	-56950.21	-0.181370974
5199.19	-56941.66	-0.181343436
5201.98	-56935.03	-0.181322083
5202.94	-56929.37	-0.181303844
5206.05	-56924.51	-0.181288213
5209.13	-56919.50	-0.181272060
5211.38	-56909.95	-0.181241304
5212.63	-56905.83	-0.181228042
5215.39	-56899.07	-0.181206271
5218.03	-56891.66	-0.181182414
5220.63	-56884.04	-0.181157902
5223.42	-56877.39	-0.181136474
5226.36	-56871.62	-0.181117892
5229.42	-56866.51	-0.181101441
5230.28	-56860.25	-0.181081280
5232.91	-56852.78	-0.181057230
5235.59	-56845.58	-0.181034043
5238.39	-56838.99	-0.181012839
5240.66	-56829.54	-0.180982411
5243.87	-56825.24	-0.180968553
5246.60	-56818.28	-0.180946141
5249.49	-56812.22	-0.180926621
5252.41	-56806.32	-0.180907622
5255.14	-56799.36	-0.180885226
5257.54	-56790.64	-0.180857152
5259.92	-56781.75	-0.180828527
5264.41	-56773.50	-0.180801973
5267.15	-56766.64	-0.180779859
5269.94	-56759.98	-0.180758432
5272.80	-56753.76	-0.180738419
5275.69	-56747.70	-0.180718899
5278.47	-56741.04	-0.180697441
5283.07	-56733.33	-0.180672631
5285.42	-56724.32	-0.180643603
5287.43	-56713.39	-0.180608422
5290.73	-56709.58	-0.180596158
5295.57	-56703.25	-0.180575788
5298.22	-56695.83	-0.180551872
5300.75	-56687.80	-0.180526033
5305.24	-56679.53	-0.180499420
5307.83	-56671.80	-0.180474505
5310.53	-56664.66	-0.180451542
5313.38	-56658.37	-0.180431277
5316.28	-56652.31	-0.180411786
5319.04	-56645.50	-0.180389836
5321.63	-56637.80	-0.180365071
5324.25	-56630.23	-0.180340677
5327.06	-56623.71	-0.180319697
5332.00	-56617.86	-0.180300847
5335.07	-56612.79	-0.180284545
5338.01	-56606.97	-0.180265814
5340.64	-56599.46	-0.180241615
5343.17	-56591.37	-0.180215582
5345.83	-56584.03	-0.180191934
5348.78	-56578.23	-0.180173278
5351.81	-56572.91	-0.180156156
5354.70	-56566.85	-0.180136636
5359.54	-56560.45	-0.180116028
5362.20	-56553.09	-0.180092350
5364.71	-56544.92	-0.180066049
5369.20	-56536.61	-0.180039287
5371.83	-56529.07	-0.180015013
5376.59	-56522.28	-0.179993138
5379.44	-56515.98	-0.179972872
5384.22	-56509.27	-0.179951251
5386.34	-56498.91	-0.179917902
5389.44	-56493.96	-0.179901972
5392.09	-56486.53	-0.179878071
5396.79	-56479.41	-0.179855138
5399.60	-56472.86	-0.179834053
5402.42	-56466.39	-0.179813221
5406.74	-56457.15	-0.179783463
5410.03	-56453.22	-0.179770812
5414.62	-56445.46	-0.179745853
5417.21	-56437.68	-0.179720789
5421.32	-56427.32	-0.179687440
5424.62	-56423.45	-0.179674998
5427.43	-56416.89	-0.179653868
5430.33	-56410.85	-0.179634422
5435.34	-56405.37	-0.179616779
5438.28	-56399.53	-0.179598004
5441.17	-56393.44	-0.179578379
5443.89	-56386.36	-0.179555595
5446.58	-56379.18	-0.179532483
5451.32	-56372.21	-0.179510042
5454.14	-56365.71	-0.179489136
5459.02	-56359.56	-0.179469317
5461.85	-56353.09	-0.179448515
5466.64	-56346.41	-0.179427013
5469.46	-56339.92	-0.179406106
5472.25	-56333.23	-0.179384559
5477.01	-56326.41	-0.179362610
5479.69	-56319.11	-0.179339111
5484.42	-56312.10	-0.179316565
5486.63	-56302.24	-0.179284826
5491.96	-56298.55	-0.179272950
5494.79	-56292.07	-0.179252073
5497.62	-56285.64	-0.179231390
5502.49	-56279.37	-0.179211199
5505.26	-56272.58	-0.179189354
5509.99	-56265.61	-0.179166913
5512.74	-56258.70	-0.179144666
5515.62	-56252.52	-0.179124773
5520.63	-56247.05	-0.179107159
5523.55	-56241.04	-0.179087818
5526.47	-56235.08	-0.179068640
5531.32	-56228.75	-0.179048255
5534.22	-56222.67	-0.179028705
5537.12	-56216.58	-0.179009110
5540.04	-56210.61	-0.178989887
5542.94	-56204.55	-0.178970367
5547.85	-56198.52	-0.178950951
5550.85	-56193.00	-0.178933203
5553.95	-56187.99	-0.178917080
5556.98	-56182.62	-0.178899780
5559.88	-56176.54	-0.178880215
5564.68	-56169.90	-0.178858832
5567.54	-56163.62	-0.178838626
5570.50	-56157.83	-0.178820014
5575.45	-56152.06	-0.178801432
5578.25	-56145.40	-0.178779989
5583.00	-56138.52	-0.178757846
5585.79	-56131.82	-0.178736269
5590.54	-56124.90	-0.178714022
5593.30	-56117.99	-0.178691760
5597.59	-56108.55	-0.178661376
5601.19	-56106.31	-0.178654179
5606.22	-56100.98	-0.178637028
5609.15	-56095.06	-0.178617954
5611.94	-56088.34	-0.178596333
5616.56	-56080.70	-0.178571761
5619.31	-56073.74	-0.178549349
5624.25	-56067.87	-0.178530470
5627.31	-56062.69	-0.178513795
5632.40	-56057.63	-0.178497493
5635.41	-56052.12	-0.178479776
5638.42	-56046.66	-0.178462207
5641.40	-56040.99	-0.178443953
5644.43	-56035.63	-0.178426683
5649.42	-56030.04	-0.178408697
5652.43	-56024.54	-0.178391010
5655.49	-56019.34	-0.178374261
5658.56	-56014.17	-0.178357631
5661.57	-56008.67	-0.178339943
5666.55	-56003.01	-0.178321704
5669.58	-55997.64	-0.178304434
5672.65	-55992.45	-0.178287715
5677.72	-55987.29	-0.178271115
5680.82	-55982.31	-0.178255081
5683.89	-55977.12	-0.178238407
5688.85	-55971.36	-0.178219870
5691.68	-55964.90	-0.178199068
5694.58	-55958.78	-0.178179368
5699.51	-55952.84	-0.178160250
5702.58	-55947.64	-0.178143516
5705.65	-55942.51	-0.178127021
5710.66	-55937.02	-0.178109333
5713.56	-55930.91	-0.178089663
5718.46	-55924.78	-0.178069964
5721.43	-55919.04	-0.178051487
5724.49	-55913.81	-0.178034633
5729.62	-55908.97	-0.178019077
5732.83	-55904.60	-0.178004995
5736.00	-55900.01	-0.177990228
5739.06	-55894.75	-0.177973300
5741.98	-55888.78	-0.177954108
5746.95	-55883.05	-0.177935645
5750.02	-55877.87	-0.177918971
5753.22	-55873.41	-0.177904621
5756.40	-55868.84	-0.177889928
5759.01	-55861.10	-0.177865013
5762.72	-55859.51	-0.177859917
5767.91	-55855.01	-0.177845418
5771.14	-55850.72	-0.177831605
5774.25	-55845.75	-0.177815631
5777.36	-55840.79	-0.177799672
5780.40	-55835.50	-0.177782625
5783.30	-55829.36	-0.177762881
5786.31	-55823.84	-0.177745119
5791.54	-55819.56	-0.177731335
5794.88	-55815.87	-0.177719459
5800.02	-55811.12	-0.177704170
5802.30	-55801.52	-0.177673295
5807.53	-55797.21	-0.177659407
5810.46	-55791.28	-0.177640334
5815.66	-55786.82	-0.177625984
5818.82	-55782.15	-0.177610949
5823.93	-55777.14	-0.177594841
5826.83	-55771.03	-0.177575171
5831.69	-55764.71	-0.177554831
5834.54	-55758.26	-0.177534074
5839.56	-55752.83	-0.177516609
5842.78	-55748.45	-0.177502528
5848.01	-55744.18	-0.177488774
5851.13	-55739.28	-0.177473009
5854.21	-55734.12	-0.177456409
5857.35	-55729.36	-0.177441075
5860.53	-55724.79	-0.177426398
5865.69	-55720.09	-0.177411258
5868.90	-55715.69	-0.177397102
5872.04	-55710.88	-0.177381620
5875.07	-55705.50	-0.177364305
5880.10	-55700.04	-0.177346736
5883.22	-55695.14	-0.177330971
5886.37	-55690.42	-0.177315786
5891.56	-55685.87	-0.177301139
5894.70	-55681.11	-0.177285820
5897.86	-55676.43	-0.177270755
5903.02	-55671.69	-0.177255511
5906.11	-55666.61	-0.177239180
5909.20	-55661.53	-0.177222833
5914.24	-55656.20	-0.177205682
5917.23	-55650.57	-0.177187547
5922.18	-55644.68	-0.177168623
5925.14	-55638.90	-0.177149996
5930.25	-55633.89	-0.177133888
5933.44	-55629.38	-0.177119389
5938.64	-55624.91	-0.177105010
5943.77	-55620.06	-0.177089378
5946.85	-55614.91	-0.177072823
5949.92	-55609.69	-0.177056029
5954.93	-55604.18	-0.177038282
5958.06	-55599.33	-0.177022696
5961.24	-55594.75	-0.177007958
5966.43	-55590.21	-0.176993355
5969.58	-55585.46	-0.176978067
5972.25	-55577.99	-0.176954016
5975.96	-55576.41	-0.176948950
5979.16	-55571.91	-0.176934451
5984.37	-55567.48	-0.176920220
5987.64	-55563.44	-0.176907212
5990.97	-55559.65	-0.176895007
5994.23	-55555.53	-0.176881745
5997.32	-55550.46	-0.176865444
6000.44	-55545.50	-0.176849484
6003.65	-55541.08	-0.176835284
6008.98	-55537.36	-0.176823288
6012.30	-55533.56	-0.176811069
6015.52	-55529.17	-0.176796958
6020.60	-55524.02	-0.176780388
6023.66	-55518.76	-0.176763460
6026.80	-55513.95	-0.176747978
6032.09	-55509.99	-0.176735237
6035.41	-55506.17	-0.176722959
6038.59	-55501.56	-0.176708117
6043.69	-55496.52	-0.176691890
6046.84	-55491.79	-0.176676676
6050.02	-55487.18	-0.176661849
6055.18	-55482.50	-0.176646784
6058.38	-55477.97	-0.176632211
6063.56	-55473.37	-0.176617414
6066.75	-55468.86	-0.176602915
6069.93	-55464.27	-0.176588148
6073.14	-55459.86	-0.176573947
6076.44	-55455.92	-0.176561281
6081.78	-55452.23	-0.176549405
6085.10	-55448.39	-0.176537037
6088.39	-55444.39	-0.176524192
6091.68	-55440.42	-0.176511422
6095.01	-55436.67	-0.176499352
6098.21	-55432.21	-0.176485002
6103.41	-55427.73	-0.176470578
6106.65	-55423.42	-0.176456720
6110.02	-55419.90	-0.176445395
6113.40	-55416.45	-0.176434278
6116.75	-55412.78	-0.176422477
6120.04	-55408.80	-0.176409662
6125.22	-55404.23	-0.176394969
6128.33	-55399.23	-0.176378891
6131.54	-55394.81	-0.176364660
6136.78	-55390.53	-0.176350906
6140.03	-55386.30	-0.176337302
6143.21	-55381.73	-0.176322579
6148.35	-55376.90	-0.176307037
6151.47	-55371.92	-0.176291034
6156.61	-55367.14	-0.176275641
6159.79	-55362.51	-0.176260769
6165.04	-55358.30	-0.176247194
6168.30	-55354.14	-0.176233828
6173.54	-55349.90	-0.176220194
6176.79	-55345.64	-0.176206470
6181.99	-55341.19	-0.176192164
6185.18	-55336.65	-0.176177546
6188.34	-55331.91	-0.176162302
6193.54	-55327.40	-0.176147804
6196.81	-55323.28	-0.176134542
6202.15	-55319.60	-0.176122695
6205.52	-55316.08	-0.176111385
6208.38	-55309.63	-0.176090628
6212.31	-55309.25	-0.176089421
6215.66	-55305.61	-0.176077694
6218.91	-55301.38	-0.176064104
6222.19	-55297.36	-0.176051170
6225.56	-55293.79	-0.176039666
6228.94	-55290.33	-0.176028550
6234.22	-55286.26	-0.176015437
6237.44	-55281.87	-0.176001340
6240.62	-55277.27	-0.175986543
6245.89	-55273.15	-0.175973281
6249.19	-55269.20	-0.175960585
6252.57	-55265.75	-0.175949484
6257.91	-55262.03	-0.175937504
6261.17	-55257.88	-0.175924167
6264.36	-55253.32	-0.175909474
6269.54	-55248.70	-0.175894633
6272.89	-55245.01	-0.175882757
6276.28	-55241.63	-0.175871864
6281.59	-55237.71	-0.175859272
6284.76	-55233.05	-0.175844282
6289.94	-55228.46	-0.175829515
6293.27	-55224.64	-0.175817236
6296.75	-55221.75	-0.175807938
6300.29	-55219.15	-0.175799549
6303.71	-55215.89	-0.175789088
6308.91	-55211.40	-0.175774634
6312.10	-55206.81	-0.175759867
6315.41	-55202.91	-0.175747320
6318.24	-55196.35	-0.175726220
6322.10	-55195.57	-0.175723717
6327.44	-55191.81	-0.175711617
6330.74	-55187.88	-0.175698981
6334.07	-55184.11	-0.175686851
6337.36	-55180.11	-0.175673991
6340.72	-55176.51	-0.175662413
6346.10	-55173.04	-0.175651222
6349.44	-55169.33	-0.175639302
6352.74	-55165.34	-0.175626457
6356.06	-55161.50	-0.175614119
6361.42	-55157.90	-0.175602540
6364.74	-55154.11	-0.175590336
6369.90	-55149.36	-0.175575048
6373.03	-55144.44	-0.175559238
6378.24	-55140.01	-0.175544992
6381.64	-55136.61	-0.175534055
6387.08	-55133.47	-0.175523937
6390.54	-55130.40	-0.175514087
6393.93	-55126.96	-0.175503001
6397.21	-55122.93	-0.175490037
6400.47	-55118.74	-0.175476581
6405.82	-55115.05	-0.175464705
6409.20	-55111.55	-0.175453424
6412.58	-55108.10	-0.175442338
6415.96	-55104.57	-0.175430983
6419.34	-55101.05	-0.175419673
6422.75	-55097.75	-0.175409034
6426.21	-55094.70	-0.175399244
6429.69	-55091.76	-0.175389767
6433.14	-55088.68	-0.175379887
6436.54	-55085.26	-0.175368860
6441.87	-55081.49	-0.175356731
6443.25	-55077.99	-0.175345480
6446.73	-55075.06	-0.175336078
6452.29	-55072.60	-0.175328135
6455.75	-55069.56	-0.175318360
6459.06	-55065.66	-0.175305814
6462.32	-55061.47	-0.175292358
6465.70	-55057.94	-0.175281003
6471.18	-55055.04	-0.175271675
6474.70	-55052.30	-0.175262868
6478.11	-55048.96	-0.175252125
6481.39	-55044.92	-0.175239116
6486.60	-55040.43	-0.175224662
6489.99	-55036.99	-0.175213605
6493.45	-55033.94	-0.175203785
6498.91	-55030.88	-0.175193965
6502.27	-55027.31	-0.175182462
6505.06	-55020.45	-0.175160393
6510.88	-55019.44	-0.175157145
6514.24	-55015.81	-0.175145492
6517.72	-55012.90	-0.175136119
6523.24	-55010.15	-0.175127283
6526.67	-55006.96	-0.175117016
6530.02	-55003.28	-0.175105169
6533.34	-54999.41	-0.175092742
6538.66	-54995.60	-0.175080478
6541.97	-54991.69	-0.175067902
6545.32	-54988.02	-0.175056085
6550.75	-54984.78	-0.175045669
6554.21	-54981.71	-0.175035790
6557.65	-54978.56	-0.175025672
6563.04	-54975.14	-0.175014660
6566.50	-54972.05	-0.175004721
6569.99	-54969.18	-0.174995512
6575.42	-54965.96	-0.174985126
6578.64	-54961.53	-0.174970895
6581.87	-54957.17	-0.174956873
6587.17	-54953.25	-0.174944252
6590.57	-54949.81	-0.174933195
6595.93	-54946.20	-0.174921587
6598.82	-54939.93	-0.174901426
6604.71	-54939.30	-0.174899399
6608.03	-54935.45	-0.174887002
6613.37	-54931.72	-0.174875021
6616.80	-54928.48	-0.174864605
6622.29	-54925.61	-0.174855351
6625.69	-54922.22	-0.174844444
6630.96	-54918.06	-0.174831063
6634.21	-54913.81	-0.174817398
6639.55	-54910.11	-0.174805507
6643.00	-54907.00	-0.174795508
6648.35	-54903.31	-0.174783632
6651.63	-54899.25	-0.174770564
6656.94	-54895.32	-0.174757928
6660.36	-54892.03	-0.174747363
6663.90	-54889.41	-0.174738929
6669.48	-54887.06	-0.174731374
6673.01	-54884.39	-0.174722791
6676.37	-54880.76	-0.174711093
6679.70	-54876.98	-0.174698964
6685.11	-54873.64	-0.174688205
6688.55	-54870.41	-0.174677834
6693.91	-54866.84	-0.174666330
6697.23	-54862.95	-0.174653813
6702.56	-54859.17	-0.174641669
6706.01	-54856.02	-0.174631551
6709.49	-54853.10	-0.174622148
6715.05	-54850.58	-0.174614057
6718.52	-54847.58	-0.174604386
6723.88	-54843.97	-0.174592778
6727.13	-54839.71	-0.174579099
6732.46	-54835.90	-0.174566820
6737.92	-54832.85	-0.174557030
6741.36	-54829.70	-0.174546883
6746.68	-54825.81	-0.174534366
6749.95	-54821.70	-0.174521148
6755.33	-54818.20	-0.174509898
6758.82	-54815.30	-0.174500570
6764.32	-54812.44	-0.174491391
6767.76	-54809.29	-0.174481243
6770.61	-54802.72	-0.174460113
6776.47	-54801.94	-0.174457595
6779.89	-54798.66	-0.174447075
6783.44	-54796.12	-0.174438894
6786.97	-54793.43	-0.174430251
6792.40	-54790.22	-0.174419910
6795.82	-54786.91	-0.174409270
6799.29	-54783.89	-0.174399555
6802.87	-54781.50	-0.174391881
6806.45	-54779.12	-0.174384207
6810.01	-54776.61	-0.174376145
6813.46	-54773.50	-0.174366146
6818.86	-54770.13	-0.174355313
6822.27	-54766.75	-0.174344450
6825.25	-54760.94	-0.174325749
6829.29	-54761.19	-0.174326569
6832.76	-54758.20	-0.174316943
6838.21	-54755.05	-0.174306795
6841.65	-54751.88	-0.174296603
6846.62	-54746.05	-0.174277872
6850.66	-54746.27	-0.174278587
6856.14	-54743.31	-0.174269065
6859.60	-54740.26	-0.174259245
6862.52	-54734.10	-0.174239427
6868.44	-54733.64	-0.174237967
6871.88	-54730.47	-0.174227774
6877.36	-54727.48	-0.174218148
6880.76	-54724.09	-0.174207240
6884.08	-54720.26	-0.174194917
6889.50	-54716.94	-0.174184233
6892.95	-54713.84	-0.174174279
6898.46	-54711.06	-0.174165323
6901.96	-54708.19	-0.174156100
6905.58	-54706.04	-0.174149200
6909.21	-54703.90	-0.174142316
6912.76	-54701.36	-0.174134150
6918.24	-54698.39	-0.174124599
6921.18	-54692.37	-0.174105227
6925.20	-54692.52	-0.174105704
6930.69	-54689.62	-0.174096376
6934.17	-54686.61	-0.174086720
6939.64	-54683.62	-0.174077079
6943.12	-54680.68	-0.174067646
6946.03	-54674.48	-0.174047709
6952.02	-54674.40	-0.174047440
6955.56	-54671.78	-0.174039021
6961.12	-54669.31	-0.174031079
6964.54	-54666.01	-0.174020469
6969.91	-54662.41	-0.174008891
6973.29	-54658.90	-0.173997611
6978.75	-54655.82	-0.173987687
6982.21	-54652.77	-0.173977867
6987.67	-54649.68	-0.173967943
6991.11	-54646.51	-0.173957750
6996.62	-54643.68	-0.173948646
7000.17	-54641.15	-0.173940524
7005.75	-54638.75	-0.173932806
7008.69	-54632.71	-0.173913360
7014.60	-54632.20	-0.173911735
7018.01	-54628.82	-0.173900872
7023.53	-54626.12	-0.173892185
7027.08	-54623.57	-0.173883975
7030.53	-54620.42	-0.173873857
7035.93	-54617.00	-0.173862845
7039.37	-54613.83	-0.173852652
7044.93	-54611.33	-0.173844606
7048.58	-54609.33	-0.173838198
7052.21	-54607.20	-0.173831344
7057.78	-54604.76	-0.173823476
7061.32	-54602.12	-0.173814997
7064.80	-54599.17	-0.173805520
7068.34	-54596.58	-0.173797175
7073.93	-54594.20	-0.173789531
7077.40	-54591.22	-0.173779935
7080.73	-54587.39	-0.173767641
7086.15	-54584.07	-0.173756972
7089.71	-54581.56	-0.173748881
7095.35	-54579.52	-0.173742324
7098.86	-54576.74	-0.173733398
7104.30	-54573.56	-0.173723176
7109.75	-54570.40	-0.173713014
7113.25	-54567.55	-0.173703834
7118.78	-54564.89	-0.173695266
7122.28	-54562.05	-0.173686162
7127.74	-54558.96	-0.173676223
7131.18	-54555.74	-0.173665851
7136.66	-54552.80	-0.173656404
7142.22	-54550.26	-0.173648238
7145.80	-54547.91	-0.173640668
7151.36	-54545.38	-0.173632532
7154.88	-54542.64	-0.173623741
7158.42	-54540.02	-0.173615307
7163.98	-54537.53	-0.173607290
7167.48	-54534.66	-0.173598066
7170.98	-54531.79	-0.173588857
7176.48	-54528.94	-0.173579678
7179.96	-54525.98	-0.173570156
7183.44	-54523.04	-0.173560709
7187.03	-54520.69	-0.173553154
7192.63	-54518.39	-0.173545763
7196.24	-54516.17	-0.173538610
7199.83	-54513.86	-0.173531190
7205.47	-54511.79	-0.173524529
7209.11	-54509.76	-0.173518002
7212.69	-54507.35	-0.173510253
7215.66	-54501.45	-0.173491284
7221.69	-54501.62	-0.173491821
7225.23	-54498.99	-0.173483387
7230.75	-54496.28	-0.173474655
7234.22	-54493.23	-0.173464835
7239.66	-54490.03	-0.173454568
7243.17	-54487.25	-0.173445612
7248.76	-54484.93	-0.173438162
7252.39	-54482.78	-0.173431233
7257.48	-54477.59	-0.173414558
7261.55	-54478.03	-0.173415989
7265.02	-54474.97	-0.173406124
7270.53	-54472.17	-0.173397139
7274.15	-54470.00	-0.173390165
7277.76	-54467.81	-0.173383117
7283.27	-54464.99	-0.173374057
7286.76	-54462.09	-0.173364729
7290.30	-54459.46	-0.173356265
7295.98	-54457.64	-0.173350409
7299.70	-54456.01	-0.173345163
7303.38	-54454.18	-0.173339292
7306.95	-54451.75	-0.173331454
7312.48	-54449.04	-0.173322767
7316.00	-54446.30	-0.173313960
7319.54	-54443.70	-0.173305571
7325.09	-54441.13	-0.173297331
7328.62	-54438.44	-0.173288673
7334.08	-54435.36	-0.173278779
7337.58	-54432.47	-0.173269480
7343.18	-54430.18	-0.173262104
7346.80	-54428.06	-0.173255280
7352.38	-54425.65	-0.173247561
7355.96	-54423.22	-0.173239738
7361.54	-54420.86	-0.173232138
7365.12	-54418.41	-0.173224270
7370.68	-54415.90	-0.173216209
7374.27	-54413.56	-0.173208684
7379.84	-54411.09	-0.173200741
7383.32	-54408.16	-0.173191324
7388.80	-54405.18	-0.173181742
7392.34	-54402.55	-0.173173279
7398.01	-54400.63	-0.173167095
7401.66	-54398.66	-0.173160762
7405.31	-54396.68	-0.173154384
7408.92	-54394.44	-0.173147202
7414.54	-54392.26	-0.173140183
7418.15	-54390.00	-0.173132926
7421.70	-54387.47	-0.173124790
7425.26	-54384.93	-0.173116624
7430.86	-54382.67	-0.173109353
7434.48	-54380.47	-0.173102275
7440.12	-54378.41	-0.173095644
7443.74	-54376.26	-0.173088744
7447.39	-54374.26	-0.173082307
7453.02	-54372.14	-0.173075482
7456.67	-54370.14	-0.173069045
7460.34	-54368.22	-0.173062891
7465.90	-54365.74	-0.173054919
7469.42	-54362.97	-0.173045993
7474.99	-54360.52	-0.173038125
7478.56	-54358.03	-0.173030108
7484.09	-54355.33	-0.173021451
7487.62	-54352.68	-0.173012912
7493.14	-54349.95	-0.173004150
7496.73	-54347.56	-0.172996461
7502.33	-54345.30	-0.172989190
7506.01	-54343.48	-0.172983348
7511.66	-54341.47	-0.172976866
7515.24	-54339.03	-0.172969043
7520.73	-54336.16	-0.172959790
7524.28	-54333.56	-0.172951430
7529.94	-54331.59	-0.172945097
7533.65	-54329.95	-0.172939822
7539.24	-54327.62	-0.172932357
7542.80	-54325.10	-0.172924235
7548.42	-54322.91	-0.172917187
7552.17	-54321.48	-0.172912613
7555.94	-54320.17	-0.172908381
7559.66	-54318.55	-0.172903180
7563.27	-54316.34	-0.172896087
7566.82	-54313.77	-0.172887817
7572.38	-54311.20	-0.172879562
7576.07	-54309.47	-0.172873989
7579.73	-54307.52	-0.172867730
7583.32	-54305.16	-0.172860131
7586.85	-54302.48	-0.172851503
7590.44	-54300.14	-0.172843978
7595.66	-54295.64	-0.172829509
7599.95	-54297.31	-0.172834903
7603.70	-54295.86	-0.172830224
7607.35	-54293.87	-0.172823817
7612.96	-54291.65	-0.172816694
7616.59	-54289.53	-0.172809884
7620.24	-54287.52	-0.172803432
7623.88	-54285.46	-0.172796801
7629.52	-54283.37	-0.172790065
7633.11	-54281.04	-0.172782570
7638.74	-54278.94	-0.172775820
7642.45	-54277.24	-0.172770351
7646.22	-54275.93	-0.172766164
7649.93	-54274.29	-0.172760874
7653.60	-54272.39	-0.172754765
7657.29	-54270.60	-0.172749028
7660.99	-54268.87	-0.172743455
7664.61	-54266.74	-0.172736600
7668.25	-54264.66	-0.172729924
7671.86	-54262.41	-0.172722697
7677.54	-54260.60	-0.172716856
7681.25	-54258.94	-0.172711536
7684.98	-54257.36	-0.172706440
7688.63	-54255.35	-0.172699988
7692.26	-54253.23	-0.172693178
7695.95	-54251.45	-0.172687441
7699.73	-54250.20	-0.172683433
7703.48	-54248.76	-0.172678784
7707.11	-54246.67	-0.172672078
7712.64	-54243.94	-0.172663316
7716.20	-54241.44	-0.172655255
7719.88	-54239.62	-0.172649413
7725.62	-54238.11	-0.172644541
7729.28	-54236.17	-0.172638327
7734.87	-54233.80	-0.172630712
7738.44	-54231.35	-0.172622815
7744.08	-54229.29	-0.172616214
7749.84	-54227.91	-0.172611758
7753.62	-54226.62	-0.172607630
7757.29	-54224.76	-0.172601640
7762.79	-54221.87	-0.172592342
7766.35	-54219.32	-0.172584146
7770.00	-54217.33	-0.172577739
7775.71	-54215.67	-0.172572419
7779.35	-54213.59	-0.172565714
7782.95	-54211.31	-0.172558397
7788.59	-54209.27	-0.172551841
7792.34	-54207.84	-0.172547236
7796.14	-54206.66	-0.172543451
7799.89	-54205.22	-0.172538802
7803.57	-54203.37	-0.172532856
7807.23	-54201.47	-0.172526747
7812.91	-54199.63	-0.172520831
7816.63	-54197.99	-0.172515571
7820.33	-54196.26	-0.172509998
7823.96	-54194.16	-0.172503248
7829.55	-54191.82	-0.172495723
7833.24	-54190.03	-0.172489986
7837.02	-54188.79	-0.172485977
7842.79	-54187.42	-0.172481596
7846.46	-54185.54	-0.172475532
7850.10	-54183.47	-0.172468901
7855.78	-54181.64	-0.172463015
7859.47	-54179.87	-0.172457322
7865.15	-54178.03	-0.172451392
7868.80	-54176.04	-0.172444984
7874.41	-54173.78	-0.172437727
7877.98	-54171.32	-0.172429815
7883.62	-54169.27	-0.172423229
7887.32	-54167.51	-0.172417566
7891.08	-54166.12	-0.172413111
7896.25	-54161.39	-0.172397897
7900.47	-54162.66	-0.172401980
7904.20	-54161.10	-0.172396958
7907.97	-54159.79	-0.172392756
7913.67	-54158.06	-0.172387183
7917.28	-54155.81	-0.172379956
7920.84	-54153.29	-0.172371849
7926.51	-54151.37	-0.172365680
7930.24	-54149.81	-0.172360659
7934.00	-54148.45	-0.172356308
7939.74	-54146.94	-0.172351435
7943.47	-54145.39	-0.172346458
7947.18	-54143.73	-0.172341138
7950.95	-54142.42	-0.172336906
7954.74	-54141.19	-0.172332972
7960.44	-54139.50	-0.172327533
7964.08	-54137.39	-0.172320753
7967.75	-54135.55	-0.172314838
7971.46	-54133.85	-0.172309354
7977.17	-54132.19	-0.172304034
7980.84	-54130.32	-0.172298014
7986.49	-54128.27	-0.172291413
7990.14	-54126.27	-0.172285005
7995.84	-54124.55	-0.172279462
7999.61	-54123.26	-0.172275305
8005.38	-54121.90	-0.172270954
8009.05	-54120.02	-0.172264889
8014.62	-54117.53	-0.172256902
8018.25	-54115.39	-0.172250018
8023.97	-54113.78	-0.172244847
8027.74	-54112.47	-0.172240615
8033.41	-54110.58	-0.172234535
8037.04	-54108.44	-0.172227681
8040.73	-54106.65	-0.172221914
8046.55	-54105.63	-0.172218651
8050.37	-54104.62	-0.172215387
8054.15	-54103.35	-0.172211304
8059.86	-54101.69	-0.172205985
8063.55	-54099.88	-0.172200143
8067.22	-54098.01	-0.172194153
8071.00	-54096.72	-0.172189996
8074.71	-54095.08	-0.172184706
8080.36	-54093.04	-0.172178149
8083.99	-54090.95	-0.172171444
8087.75	-54089.53	-0.172166869
8093.56	-54088.46	-0.172163427
8097.34	-54087.20	-0.172159374
8101.06	-54085.59	-0.172154218
8106.78	-54083.98	-0.172149047
8110.54	-54082.58	-0.172144547
8114.28	-54081.07	-0.172139674
8119.97	-54079.30	-0.172133982
8123.58	-54077.08	-0.172126859
8129.23	-54075.07	-0.172120377
8134.89	-54073.10	-0.172114044
8138.63	-54071.62	-0.172109291
8144.39	-54070.18	-0.172104686
8148.12	-54068.66	-0.172099769
8153.77	-54066.66	-0.172093362
8157.45	-54064.78	-0.172087327
8163.17	-54063.18	-0.172082156
8166.89	-54061.57	-0.172076985
8172.54	-54059.57	-0.172070578
8176.22	-54057.75	-0.172064707
8181.90	-54055.89	-0.172058746
8185.62	-54054.26	-0.172053501
8189.36	-54052.79	-0.172048777
8195.16	-54051.61	-0.172044963
8198.92	-54050.27	-0.172040656
8202.66	-54048.76	-0.172035813
8208.45	-54047.54	-0.172031879
8212.30	-54046.70	-0.172029182
8216.15	-54045.81	-0.172026336
8219.88	-54044.29	-0.172021434
8223.54	-54042.33	-0.172015131
8229.20	-54040.37	-0.172008842
8232.96	-54038.96	-0.172004312
8238.72	-54037.59	-0.171999916
8242.45	-54036.03	-0.171994895
8248.15	-54034.28	-0.171989277
8251.89	-54032.81	-0.171984524
8257.63	-54031.28	-0.171979621
8263.42	-54030.08	-0.171975762
8267.19	-54028.76	-0.171971530
8272.87	-54026.92	-0.171965599
8276.45	-54024.49	-0.171957776
8282.13	-54022.67	-0.171951935
8285.87	-54021.20	-0.171947211
8291.63	-54019.80	-0.171942711
8295.33	-54018.04	-0.171937048
8301.01	-54016.20	-0.171931133
8306.77	-54014.84	-0.171926782
8310.62	-54013.95	-0.171923906
8314.46	-54013.03	-0.171920940
8320.25	-54011.84	-0.171917126
8323.99	-54010.37	-0.171912402
8327.70	-54008.68	-0.171906963
8333.45	-54007.23	-0.171902314
8337.21	-54005.88	-0.171897978
8342.98	-54004.54	-0.171893671
8346.66	-54002.71	-0.171887785
8350.40	-54001.19	-0.171882883
8356.21	-54000.09	-0.171879351
8360.10	-53999.45	-0.171877295
8365.89	-53998.24	-0.171873391
8369.60	-53996.60	-0.171868116
8375.32	-53994.97	-0.171862900
8379.07	-53993.54	-0.171858296
8382.84	-53992.19	-0.171853945
8388.62	-53990.92	-0.171849862
8392.32	-53989.18	-0.171844289
8397.95	-53987.10	-0.171837583
8403.63	-53985.25	-0.171831653
8407.46	-53984.25	-0.171828434
8413.32	-53983.46	-0.171825886
8417.12	-53982.29	-0.171822146
8422.83	-53980.63	-0.171816781
8426.60	-53979.29	-0.171812475
8432.43	-53978.32	-0.171809360
8436.23	-53977.16	-0.171805650
8441.94	-53975.50	-0.171800300
8445.59	-53973.47	-0.171793774
8449.30	-53971.80	-0.171788424
8455.07	-53970.49	-0.171784192
8458.91	-53969.58	-0.171781272
8464.73	-53968.50	-0.171777815
8468.53	-53967.36	-0.171774149
8472.27	-53965.89	-0.171769395
8476.11	-53964.92	-0.171766281
8481.98	-53964.22	-0.171764031
8485.83	-53963.33	-0.171761185
8489.54	-53961.66	-0.171755821
8493.25	-53960.01	-0.171750501
8497.00	-53958.57	-0.171745867
8502.82	-53957.54	-0.171742558
8506.65	-53956.51	-0.171739265
8510.43	-53955.25	-0.171735212
8516.22	-53954.05	-0.171731353
8520.04	-53953.02	-0.171728030
8525.91	-53952.23	-0.171725512
8529.81	-53951.65	-0.171723649
8535.61	-53950.53	-0.171720043
8539.34	-53948.96	-0.171714991
8545.03	-53947.17	-0.171709225
8548.78	-53945.72	-0.171704575
8554.61	-53944.75	-0.171701461
8558.39	-53943.49	-0.171697408
8564.13	-53941.98	-0.171692550
8567.86	-53940.46	-0.171687678
8573.71	-53939.56	-0.171684757
8577.57	-53938.75	-0.171682164
8583.42	-53937.89	-0.171679392
8587.19	-53936.56	-0.171675116
8592.92	-53935.02	-0.171670184
8596.62	-53933.28	-0.171664596
8602.43	-53932.19	-0.171661079
8606.24	-53931.11	-0.171657622
8610.00	-53929.73	-0.171653166
8615.69	-53927.93	-0.171647400
8619.45	-53926.53	-0.171642900
8623.31	-53925.72	-0.171640277
8629.23	-53925.26	-0.171638787
8633.10	-53924.49	-0.171636343
8636.91	-53923.41	-0.171632856
8642.69	-53922.13	-0.171628743
8646.48	-53920.93	-0.171624884
8650.30	-53919.92	-0.171621650
8656.10	-53918.75	-0.171617866
8661.88	-53917.45	-0.171613708
8665.60	-53915.86	-0.171608582
8671.33	-53914.31	-0.171603605
8675.17	-53913.39	-0.171600640
8681.08	-53912.86	-0.171598956
8686.95	-53912.09	-0.171596482
8690.73	-53910.85	-0.171592474
8696.49	-53909.45	-0.171587974
8700.33	-53908.54	-0.171585053
8706.13	-53907.38	-0.171581343
8709.92	-53906.18	-0.171577454
8713.64	-53904.57	-0.171572283
8719.39	-53903.10	-0.171567559
8723.18	-53901.93	-0.171563804
8729.08	-53901.33	-0.171561867
8732.99	-53900.79	-0.171560138
8736.85	-53900.00	-0.171557590
8742.66	-53898.91	-0.171554103
8746.55	-53898.28	-0.171552077
8750.49	-53897.91	-0.171550885
8754.39	-53897.34	-0.171549052
8758.16	-53896.02	-0.171544820
8763.87	-53894.32	-0.171539336
8767.65	-53893.06	-0.171535298
8771.52	-53892.35	-0.171533003
8777.40	-53891.63	-0.171530694
8781.21	-53890.51	-0.171527088
8786.97	-53889.14	-0.171522707
8790.78	-53888.06	-0.171519220
8794.69	-53887.55	-0.171517581
8800.62	-53887.09	-0.171516120
8804.45	-53886.17	-0.171513155
8810.11	-53884.17	-0.171506703
8813.81	-53882.43	-0.171501130
8819.64	-53881.44	-0.171497941
8823.55	-53880.97	-0.171496436
8827.37	-53879.91	-0.171493039
8833.12	-53878.48	-0.171488419
8836.88	-53877.07	-0.171483889
8842.79	-53876.58	-0.171482325
8846.79	-53876.53	-0.171482161
8850.77	-53876.43	-0.171481833
8856.58	-53875.36	-0.171478391
8860.33	-53873.89	-0.171473667
8864.09	-53872.51	-0.171469241
8867.95	-53871.73	-0.171466738
8873.85	-53871.11	-0.171464741
8877.69	-53870.22	-0.171461865
8881.44	-53868.78	-0.171457246
8885.27	-53867.78	-0.171454027
8891.22	-53867.46	-0.171453014
8895.19	-53867.34	-0.171452612
8899.08	-53866.71	-0.171450585
8902.89	-53865.61	-0.171447068
8906.72	-53864.60	-0.171443805
8912.58	-53863.78	-0.171441182
8916.48	-53863.21	-0.171439350
8920.35	-53862.47	-0.171436951
8926.14	-53861.27	-0.171433121
8929.90	-53859.89	-0.171428666
8935.74	-53858.96	-0.171425670
8939.66	-53858.51	-0.171424240
8943.61	-53858.20	-0.171423227
8949.48	-53857.43	-0.171420753
8953.32	-53856.52	-0.171417832
8957.20	-53855.85	-0.171415672
8963.15	-53855.51	-0.171414584
8967.03	-53854.83	-0.171412408
8970.84	-53853.73	-0.171408877
8976.62	-53852.48	-0.171404868
8980.44	-53851.44	-0.171401501
8986.32	-53850.74	-0.171399251
8990.26	-53850.42	-0.171398237
8994.18	-53849.96	-0.171396747
8998.07	-53849.29	-0.171394601
9003.92	-53848.44	-0.171391875
9007.83	-53847.92	-0.171390191
9011.78	-53847.64	-0.171389282
9015.65	-53846.87	-0.171386808
9019.42	-53845.55	-0.171382576
9023.21	-53844.32	-0.171378613
9029.03	-53843.30	-0.171375349
9032.86	-53842.30	-0.171372131
9036.69	-53841.31	-0.171368942
9042.50	-53840.25	-0.171365529
9046.39	-53839.60	-0.171363443
9050.30	-53839.06	-0.171361715
9056.26	-53838.81	-0.171360925
9060.20	-53838.51	-0.171359956
9066.10	-53837.91	-0.171358034
9069.88	-53836.67	-0.171354026
9073.68	-53835.47	-0.171350166
9079.55	-53834.76	-0.171347886
9083.50	-53834.44	-0.171346873
9089.38	-53833.76	-0.171344668
9093.22	-53832.83	-0.171341702
9097.08	-53831.99	-0.171339005
9103.04	-53831.80	-0.171338364
9107.04	-53831.76	-0.171338260
9110.97	-53831.40	-0.171337098
9114.81	-53830.43	-0.171333984
9118.58	-53829.15	-0.171329871
9122.41	-53828.15	-0.171326637
9128.37	-53827.91	-0.171325862
9132.29	-53827.45	-0.171324402
9136.11	-53826.40	-0.171321020
9139.90	-53825.20	-0.171317160
9143.75	-53824.33	-0.171314359
9147.75	-53824.31	-0.171314314
9151.77	-53824.45	-0.171314761
9155.74	-53824.26	-0.171314135
9159.62	-53823.57	-0.171311915
9165.49	-53822.84	-0.171309590
9169.37	-53822.13	-0.171307310
9173.29	-53821.67	-0.171305805
9177.18	-53821.04	-0.171303794
9181.01	-53820.07	-0.171300679
9186.82	-53818.94	-0.171297044
9190.71	-53818.31	-0.171295017
9195.21	-53821.21	-0.171304345
9200.69	-53818.23	-0.171294764
9204.58	-53817.59	-0.171292692
9208.45	-53816.84	-0.171290293
9214.37	-53816.36	-0.171288759
9218.30	-53815.97	-0.171287492
9222.20	-53815.35	-0.171285510
9228.08	-53814.67	-0.171283334
9231.91	-53813.71	-0.171280220
9237.73	-53812.64	-0.171276808
9241.64	-53812.12	-0.171275124
9245.61	-53811.96	-0.171274602
9251.58	-53811.80	-0.171274081
9255.48	-53811.19	-0.171272129
9259.38	-53810.63	-0.171270326
9263.35	-53810.43	-0.171269700
9267.35	-53810.43	-0.171269700
9271.25	-53809.86	-0.171267852
9277.05	-53808.70	-0.171264142
9280.86	-53807.62	-0.171260670
9284.79	-53807.19	-0.171259284
9288.76	-53807.07	-0.171258897
9292.75	-53806.97	-0.171258569
9296.65	-53806.43	-0.171256840
9302.54	-53805.77	-0.171254709
9306.45	-53805.27	-0.171253100
9310.46	-53805.30	-0.171253204
9314.45	-53805.27	-0.171253100
9320.35	-53804.66	-0.171251148
9324.14	-53803.47	-0.171247333
9328.01	-53802.71	-0.171244889
9333.95	-53802.39	-0.171243846
9337.88	-53801.94	-0.171242416
9341.75	-53801.24	-0.171240136
9347.59	-53800.29	-0.171237096
9351.52	-53799.87	-0.171235755
9357.51	-53799.84	-0.171235636
9361.54	-53800.02	-0.171236232
9365.52	-53799.90	-0.171235830
9369.41	-53799.22	-0.171233654
9373.23	-53798.20	-0.171230391
9379.13	-53797.60	-0.171228439
9383.10	-53797.45	-0.171227962
9387.07	-53797.26	-0.171227351
9390.94	-53796.51	-0.171224952
9394.82	-53795.83	-0.171222746
9400.78	-53795.59	-0.171222001
9404.84	-53795.94	-0.171223119
9408.83	-53795.90	-0.171222970
9412.74	-53795.39	-0.171221331
9416.60	-53794.56	-0.171218663
9420.48	-53793.88	-0.171216488
9424.39	-53793.37	-0.171214849
9428.36	-53793.18	-0.171214238
9434.27	-53792.62	-0.171212450
9438.09	-53791.62	-0.171209216
9441.92	-53790.61	-0.171205968
9445.87	-53790.35	-0.171205133
9451.94	-53790.72	-0.171206340
9455.95	-53790.82	-0.171206668
9459.86	-53790.25	-0.171204835
9465.74	-53789.61	-0.171202779
9471.68	-53789.25	-0.171201617
9475.65	-53789.08	-0.171201050
9481.59	-53788.70	-0.171199858
9487.42	-53787.74	-0.171196744
9491.27	-53786.84	-0.171193868
9497.14	-53786.12	-0.171191543
9503.12	-53785.99	-0.171191126
9507.11	-53785.95	-0.171191007
9513.08	-53785.77	-0.171190411
9516.95	-53785.02	-0.171188012
9522.85	-53784.44	-0.171186149
9526.84	-53784.40	-0.171186030
9530.85	-53784.43	-0.171186104
9536.72	-53783.69	-0.171183750
9540.57	-53782.82	-0.171180934
9544.43	-53781.99	-0.171178281
9548.38	-53781.69	-0.171177298
9552.36	-53781.59	-0.171177000
9558.36	-53781.59	-0.171177000
9562.29	-53781.22	-0.171175808
9566.25	-53780.96	-0.171174973
9570.23	-53780.85	-0.171174601
9576.30	-53781.27	-0.171175957
9580.30	-53781.27	-0.171175957
9584.18	-53780.53	-0.171173587
9589.97	-53779.35	-0.171169803
9593.82	-53778.48	-0.171167001
9599.80	-53778.35	-0.171166584
9603.79	-53778.29	-0.171166390
9609.70	-53777.81	-0.171164826
9613.58	-53777.08	-0.171162501
9619.54	-53776.85	-0.171161756
9625.57	-53777.01	-0.171162277
9629.61	-53777.26	-0.171163067
9635.57	-53777.02	-0.171162307
9639.47	-53776.43	-0.171160400
9645.31	-53775.54	-0.171157554
9649.27	-53775.31	-0.171156809
9655.30	-53775.46	-0.171157300
9659.29	-53775.39	-0.171157062
9665.17	-53774.70	-0.171154857
9669.08	-53774.18	-0.171153173
9673.05	-53774.05	-0.171152756
9679.13	-53774.50	-0.171154216
9683.18	-53774.77	-0.171155080
9687.16	-53774.68	-0.171154782
9693.06	-53774.07	-0.171152830
9696.98	-53773.63	-0.171151415
9700.96	-53773.53	-0.171151072
9704.93	-53773.33	-0.171150431
9710.88	-53773.01	-0.171149418
9714.76	-53772.37	-0.171147361
9718.68	-53771.86	-0.171145722
9724.68	-53771.89	-0.171145827
9728.77	-53772.42	-0.171147510
9734.81	-53772.62	-0.171148151
9738.74	-53772.21	-0.171146840
9744.65	-53771.72	-0.171145260
9748.64	-53771.67	-0.171145111
9754.64	-53771.64	-0.171145007
9758.61	-53771.50	-0.171144560
9762.51	-53770.90	-0.171142638
9768.41	-53770.32	-0.171140775
9772.33	-53769.86	-0.171139270
9778.36	-53770.03	-0.171139836
9782.43	-53770.44	-0.171141148
9786.45	-53770.53	-0.171141446
9792.40	-53770.29	-0.171140656
9796.40	-53770.29	-0.171140656
9800.47	-53770.67	-0.171141893
9804.51	-53770.90	-0.171142638
9808.47	-53770.66	-0.171141863
9814.35	-53769.98	-0.171139687
9818.29	-53769.65	-0.171138600
9822.30	-53769.68	-0.171138704
9826.36	-53770.01	-0.171139762
9832.38	-53770.17	-0.171140283
9836.37	-53770.06	-0.171139941
9840.30	-53769.67	-0.171138674
9844.27	-53769.53	-0.171138227
9848.31	-53769.76	-0.171138972
9852.34	-53769.92	-0.171139464
9858.21	-53769.17	-0.171137065
9862.09	-53768.45	-0.171134740
9866.00	-53767.98	-0.171133235
9872.02	-53768.06	-0.171133503
9876.02	-53768.06	-0.171133503
9881.99	-53767.88	-0.171132937
9885.95	-53767.69	-0.171132296
9891.98	-53767.81	-0.171132684
9898.05	-53768.22	-0.171134025
9902.18	-53768.97	-0.171136424
9908.22	-53769.24	-0.171137288
9912.16	-53768.89	-0.171136156
9918.09	-53768.45	-0.171134740
9922.07	-53768.38	-0.171134517
9928.14	-53768.77	-0.171135783
9932.16	-53768.88	-0.171136126
9938.10	-53768.55	-0.171135068
9942.05	-53768.24	-0.171134070
9948.10	-53768.55	-0.171135068
9952.20	-53769.13	-0.171136945
9956.25	-53769.42	-0.171137884
9960.22	-53769.22	-0.171137214
9964.15	-53768.79	-0.171135858
9970.06	-53768.31	-0.171134293
9974.09	-53768.48	-0.171134844
9978.12	-53768.65	-0.171135411
9982.10	-53768.55	-0.171135068
9987.99	-53767.86	-0.171132863
9991.95	-53767.68	-0.171132267
9996.04	-53768.17	-0.171133846
10000.17	-53768.92	-0.171136275
10006.22	-53769.20	-0.171137169
10010.21	-53769.15	-0.171136990
10016.18	-53769.02	-0.171136573
10020.18	-53769.01	-0.171136543
10026.21	-53769.17	-0.171137065
10030.20	-53769.13	-0.171136945
10036.18	-53768.99	-0.171136498
10042.14	-53768.76	-0.171135753
10046.15	-53768.81	-0.171135902
10052.24	-53769.34	-0.171137616
10056.34	-53769.90	-0.171139419
10060.36	-53770.01	-0.171139762
10066.34	-53769.92	-0.171139464
10070.37	-53770.10	-0.171140060
10074.44	-53770.51	-0.171141371
10080.45	-53770.54	-0.171141475
10084.43	-53770.44	-0.171141148
10088.38	-53770.15	-0.171140209
10092.37	-53770.09	-0.171140015
10098.38	-53770.12	-0.171140134
10102.44	-53770.49	-0.171141326
10106.46	-53770.62	-0.171141744
10110.47	-53770.67	-0.171141893
10116.48	-53770.73	-0.171142086
10120.56	-53771.21	-0.171143621
10124.65	-53771.70	-0.171145186
10128.64	-53771.66	-0.171145082
10134.56	-53771.17	-0.171143502
10138.46	-53770.62	-0.171141744
10144.49	-53770.78	-0.171142235
10148.59	-53771.33	-0.171144024
10154.64	-53771.63	-0.171144962
10158.65	-53771.71	-0.171145231
10164.67	-53771.84	-0.171145648
10168.74	-53772.23	-0.171146914
10174.86	-53772.93	-0.171149164
10178.96	-53773.50	-0.171150997
10182.98	-53773.64	-0.171151444
10188.89	-53773.11	-0.171149731
10192.87	-53773.00	-0.171149388
10196.91	-53773.21	-0.171150059
10200.98	-53773.63	-0.171151415
10206.97	-53773.55	-0.171151146
10210.95	-53773.43	-0.171150774
10214.94	-53773.40	-0.171150655
10219.03	-53773.89	-0.171152234
10223.13	-53774.50	-0.171154186
10227.24	-53775.13	-0.171156213
10233.28	-53775.37	-0.171156988
10237.25	-53775.20	-0.171156466
10241.22	-53775.02	-0.171155870
10245.25	-53775.17	-0.171156362
10249.36	-53775.79	-0.171158344
10253.38	-53775.95	-0.171158865
10259.36	-53775.84	-0.171158493
10263.39	-53775.97	-0.171158910
10267.51	-53776.69	-0.171161234
10271.64	-53777.43	-0.171163619
10277.71	-53777.86	-0.171165004
10281.72	-53777.88	-0.171165049
10285.70	-53777.77	-0.171164706
10289.67	-53777.62	-0.171164230
10295.73	-53777.98	-0.171165392
10299.79	-53778.28	-0.171166360
10305.76	-53778.13	-0.171165869
10309.68	-53777.65	-0.171164334
10313.72	-53777.88	-0.171165049
10319.85	-53778.64	-0.171167523
10324.03	-53779.69	-0.171170890
10328.12	-53780.23	-0.171172619
10334.18	-53780.57	-0.171173707
10338.23	-53780.86	-0.171174645
10342.32	-53781.35	-0.171176210
10348.41	-53781.89	-0.171177968
10352.42	-53781.94	-0.171178117
10358.41	-53781.87	-0.171177894
10362.40	-53781.83	-0.171177745
10368.48	-53782.32	-0.171179324
10372.64	-53783.23	-0.171182245
10376.79	-53784.06	-0.171184942
10380.82	-53784.25	-0.171185538
10386.81	-53784.23	-0.171185464
10390.88	-53784.63	-0.171186745
10395.01	-53785.35	-0.171189070
10401.03	-53785.49	-0.171189517
10405.05	-53785.58	-0.171189815
10409.03	-53785.49	-0.171189517
10413.07	-53785.70	-0.171190187
10419.14	-53786.10	-0.171191499
10423.28	-53786.94	-0.171194196
10429.39	-53787.54	-0.171196103
10433.46	-53787.97	-0.171197489
10438.05	-53791.38	-0.171208441
10443.73	-53789.50	-0.171202406
10447.89	-53790.48	-0.171205550
10453.95	-53790.79	-0.171206564
10457.91	-53790.57	-0.171205848
10461.86	-53790.29	-0.171204954
10467.96	-53790.85	-0.171206743
10472.08	-53791.54	-0.171208963
10478.19	-53792.17	-0.171210989
10482.24	-53792.47	-0.171211958
10488.32	-53792.92	-0.171213418
10492.42	-53793.51	-0.171215296
10496.57	-53794.39	-0.171218142
10500.73	-53795.30	-0.171221063
10506.81	-53795.78	-0.171222597
10510.75	-53795.44	-0.171221510
10514.78	-53795.62	-0.171222076
10518.89	-53796.21	-0.171223983
10525.01	-53796.93	-0.171226308
10529.03	-53797.06	-0.171226725
10533.06	-53797.20	-0.171227172
10539.12	-53797.59	-0.171228409
10543.27	-53798.44	-0.171231136
10547.44	-53799.42	-0.171234295
10551.59	-53800.28	-0.171237066
10557.64	-53800.59	-0.171238065
10561.62	-53800.44	-0.171237588
10565.63	-53800.52	-0.171237841
10571.71	-53801.00	-0.171239376
10575.85	-53801.81	-0.171241969
10581.91	-53802.13	-0.171243012
10585.97	-53802.48	-0.171244144
10592.08	-53803.15	-0.171246275
10596.30	-53804.38	-0.171250254
10600.47	-53805.36	-0.171253398
10606.58	-53805.98	-0.171255380
10610.63	-53806.29	-0.171256393
10614.68	-53806.61	-0.171257406
10618.75	-53806.98	-0.171258599
10622.89	-53807.77	-0.171261147
10626.96	-53808.20	-0.171262532
10630.96	-53808.19	-0.171262503
10634.93	-53808.01	-0.171261907
10639.03	-53808.59	-0.171263769
10645.23	-53809.77	-0.171267554
10647.39	-53810.69	-0.171270519
10651.45	-53811.06	-0.171271712
10655.51	-53811.37	-0.171272725
10659.62	-53812.02	-0.171274796
10665.76	-53812.86	-0.171277493
10669.85	-53813.34	-0.171279028
10673.85	-53813.34	-0.171279028
10677.85	-53813.36	-0.171279103
10681.91	-53813.68	-0.171280146
10688.08	-53814.67	-0.171283334
10692.28	-53815.82	-0.171287000
10696.44	-53816.78	-0.171290115
10700.48	-53816.98	-0.171290755
10706.53	-53817.28	-0.171291724
10710.68	-53818.17	-0.171294570
10716.87	-53819.26	-0.171298087
10720.94	-53819.64	-0.171299294
10724.95	-53819.71	-0.171299517
10728.94	-53819.67	-0.171299398
10735.02	-53820.09	-0.171300754
10739.16	-53820.91	-0.171303377
10743.33	-53821.93	-0.171306670
10749.48	-53822.76	-0.171309337
10753.57	-53823.27	-0.171310976
10757.69	-53824.00	-0.171313301
10761.93	-53825.35	-0.171317652
10766.15	-53826.67	-0.171321884
10770.22	-53827.07	-0.171323165
10774.18	-53826.84	-0.171322450
10780.18	-53826.82	-0.171322376
10784.33	-53827.66	-0.171325073
10788.50	-53828.68	-0.171328336
10794.65	-53829.51	-0.171331033
10798.70	-53829.82	-0.171332002
10802.78	-53830.31	-0.171333581
10806.92	-53831.08	-0.171336055
10813.12	-53832.24	-0.171339795
10817.27	-53833.14	-0.171342686
10823.34	-53833.51	-0.171343878
10827.30	-53833.31	-0.171343237
10831.40	-53833.85	-0.171344966
10837.59	-53834.96	-0.171348527
10841.78	-53836.04	-0.171352014
10847.85	-53836.46	-0.171353355
10851.90	-53836.75	-0.171354294
10858.07	-53837.77	-0.171357557
10862.36	-53839.41	-0.171362832
10866.64	-53841.04	-0.171368077
10872.84	-53842.18	-0.171371758
10876.93	-53842.71	-0.171373442
10880.99	-53843.05	-0.171374530
10887.10	-53843.71	-0.171376660
10891.24	-53844.52	-0.171379283
10895.39	-53845.38	-0.171382025
10901.45	-53845.72	-0.171383113
10905.52	-53846.11	-0.171384379
10911.68	-53847.02	-0.171387300
10915.95	-53848.60	-0.171392396
10920.16	-53849.81	-0.171396255
10924.28	-53850.48	-0.171398431
10928.34	-53850.84	-0.171399593
10934.45	-53851.51	-0.171401724
10938.58	-53852.27	-0.171404168
10942.74	-53853.18	-0.171407118
10946.84	-53853.75	-0.171408921
10950.89	-53854.06	-0.171409935
10956.96	-53854.45	-0.171411201
10961.15	-53855.53	-0.171414658
10965.39	-53856.94	-0.171419188
10971.60	-53858.13	-0.171423003
10975.73	-53858.87	-0.171425402
10981.89	-53859.80	-0.171428397
10986.07	-53860.83	-0.171431705
10992.25	-53861.91	-0.171435177
10996.38	-53862.66	-0.171437576
11000.43	-53862.91	-0.171438366
11006.51	-53863.41	-0.171439976
11012.66	-53864.26	-0.171442717
11016.89	-53865.59	-0.171446994
11023.14	-53867.01	-0.171451554
11027.31	-53868.00	-0.171454743
11033.42	-53868.63	-0.171456769
11037.57	-53869.53	-0.171459645
11041.79	-53870.79	-0.171463698
11048.03	-53872.19	-0.171468198
11052.12	-53872.69	-0.171469808
11056.16	-53872.90	-0.171470478
11062.21	-53873.20	-0.171471447
11066.39	-53874.24	-0.171474785
11070.58	-53875.36	-0.171478391
11074.76	-53876.38	-0.171481684
11078.87	-53877.04	-0.171483785
11085.01	-53877.81	-0.171486288
11089.23	-53879.08	-0.171490371
11093.56	-53881.03	-0.171496630
11097.83	-53882.58	-0.171501607
11103.94	-53883.18	-0.171503529
11107.94	-53883.20	-0.171503603
11112.02	-53883.66	-0.171505064
11118.29	-53885.24	-0.171510160
11122.59	-53886.96	-0.171515703
11128.77	-53887.98	-0.171518967
11132.87	-53888.57	-0.171520874
11139.06	-53889.66	-0.171524361
11143.34	-53891.25	-0.171529487
11149.64	-53893.04	-0.171535224
11153.84	-53894.19	-0.171538934
11159.94	-53894.73	-0.171540648
11163.95	-53894.79	-0.171540871
11168.11	-53895.71	-0.171543807
11172.34	-53897.07	-0.171548188
11178.54	-53898.21	-0.171551853
11182.62	-53898.69	-0.171553388
11188.71	-53899.21	-0.171555072
11192.91	-53900.36	-0.171558753
11197.24	-53902.22	-0.171564743
11201.52	-53903.87	-0.171570033
11205.72	-53905.00	-0.171573669
11211.83	-53905.67	-0.171575829
11215.97	-53906.43	-0.171578273
11220.14	-53907.45	-0.171581537
11224.31	-53908.41	-0.171584636
11230.46	-53909.29	-0.171587452
11234.57	-53909.94	-0.171589553
11240.74	-53910.88	-0.171592578
11244.99	-53912.36	-0.171597347
11251.28	-53914.04	-0.171602741
11255.49	-53915.25	-0.171606630
11261.64	-53916.08	-0.171609297
11265.81	-53917.06	-0.171612442
11272.04	-53918.41	-0.171616793
11276.23	-53919.51	-0.171620309
11282.42	-53920.62	-0.171623901
11286.55	-53921.35	-0.171626225
11292.69	-53922.15	-0.171628818
11298.86	-53923.14	-0.171631992
11303.14	-53924.77	-0.171637237
11309.44	-53926.50	-0.171642795
11313.70	-53927.97	-0.171647504
11317.90	-53929.14	-0.171651259
11324.15	-53930.56	-0.171655834
11328.43	-53932.18	-0.171661034
11332.67	-53933.58	-0.171665534
11336.82	-53934.41	-0.171668231
11342.88	-53934.78	-0.171669394
11347.03	-53935.65	-0.171672195
11353.27	-53937.05	-0.171676695
11357.58	-53938.81	-0.171682358
11361.83	-53940.29	-0.171687111
11368.04	-53941.45	-0.171690851
11372.21	-53942.48	-0.171694160
11376.47	-53943.98	-0.171698987
11382.79	-53945.79	-0.171704799
11387.04	-53947.25	-0.171709478
11393.11	-53947.67	-0.171710834
11397.22	-53948.31	-0.171712890
11403.42	-53949.44	-0.171716526
11407.68	-53950.93	-0.171721324
11413.92	-53952.33	-0.171725810
11418.12	-53953.47	-0.171729490
11424.30	-53954.53	-0.171732903
11430.51	-53955.73	-0.171736762
11434.85	-53957.68	-0.171743006
11441.22	-53959.84	-0.171749949
11445.52	-53961.54	-0.171755418
11451.64	-53962.24	-0.171757668
11455.75	-53962.85	-0.171759650
11461.97	-53964.11	-0.171763688
11466.28	-53965.94	-0.171769574
11472.57	-53967.59	-0.171774864
11476.81	-53969.00	-0.171779394
11483.01	-53970.14	-0.171783060
11487.28	-53971.68	-0.171788007
11493.59	-53973.48	-0.171793818
11497.94	-53975.46	-0.171800181
11502.19	-53976.95	-0.171804979
11506.35	-53977.85	-0.171807870
11510.44	-53978.36	-0.171809509
11516.66	-53979.66	-0.171813682
11520.94	-53981.23	-0.171818733
11525.13	-53982.33	-0.171822250
11529.25	-53983.02	-0.171824470
11535.39	-53983.87	-0.171827197
11539.69	-53985.57	-0.171832666
11544.04	-53987.58	-0.171839148
11548.35	-53989.37	-0.171844885
11554.56	-53990.61	-0.171848863
11558.76	-53991.76	-0.171852559
11562.97	-53992.95	-0.171856388
11569.22	-53994.38	-0.171860993
11573.47	-53995.85	-0.171865717
11579.70	-53997.13	-0.171869844
11583.87	-53998.11	-0.171872988
11590.14	-53999.67	-0.171878010
11594.50	-54001.77	-0.171884745
11598.86	-54003.82	-0.171891347
11605.08	-54005.12	-0.171895534
11609.27	-54006.20	-0.171898991
11613.48	-54007.42	-0.171902925
11617.75	-54008.96	-0.171907872
11624.00	-54010.40	-0.171912506
11628.22	-54011.69	-0.171916634
11632.37	-54012.54	-0.171919376
11636.49	-54013.23	-0.171921581
11640.71	-54014.51	-0.171925694
11645.03	-54016.34	-0.171931580
11651.31	-54017.94	-0.171936721
11655.52	-54019.14	-0.171940580
11659.75	-54020.46	-0.171944842
11664.05	-54022.23	-0.171950534
11668.43	-54024.40	-0.171957508
11672.67	-54025.79	-0.171961963
11676.77	-54026.39	-0.171963885
11682.89	-54027.06	-0.171966046
11687.16	-54028.59	-0.171970963
11691.48	-54030.47	-0.171976998
11695.85	-54032.55	-0.171983704
11702.15	-54034.28	-0.171989247
11706.42	-54035.85	-0.171994299
11712.69	-54037.42	-0.171999365
11719.08	-54039.68	-0.172006622
11724.00	-54044.97	-0.172023639
11729.77	-54043.61	-0.172019258
11733.88	-54044.24	-0.172021285
11740.05	-54045.25	-0.172024533
11744.34	-54046.88	-0.172029778
11750.68	-54048.84	-0.172036082
11754.94	-54050.35	-0.172040910
11761.18	-54051.73	-0.172045365
11765.42	-54053.13	-0.172049865
11771.77	-54055.14	-0.172056317
11776.18	-54057.51	-0.172063947
11780.58	-54059.77	-0.172071218
11784.84	-54061.28	-0.172076061
11791.02	-54062.34	-0.172079459
11795.23	-54063.55	-0.172083363
11799.51	-54065.12	-0.172088414
11803.83	-54067.01	-0.172094494
11810.08	-54068.45	-0.172099099
11814.31	-54069.78	-0.172103375
11818.61	-54071.49	-0.172108874
11825.02	-54073.81	-0.172116339
11829.39	-54075.94	-0.172123194
11833.67	-54077.56	-0.172128394
11839.89	-54078.82	-0.172132447
11844.12	-54080.15	-0.172136709
11850.36	-54081.56	-0.172141254
11854.72	-54083.62	-0.172147885
11859.05	-54085.49	-0.172153875
11865.28	-54086.86	-0.172158301
11871.48	-54087.99	-0.172161922
11875.81	-54089.87	-0.172167957
11882.25	-54092.40	-0.172176093
11886.68	-54094.89	-0.172184110
11893.01	-54096.79	-0.172190219
11897.30	-54098.45	-0.172195539
11901.60	-54100.16	-0.172201037
11905.93	-54102.09	-0.172207266
11912.25	-54103.91	-0.172213107
11916.49	-54105.30	-0.172217563
11922.72	-54106.64	-0.172221869
11926.96	-54107.99	-0.172226220
11933.29	-54109.88	-0.172232285
11937.71	-54112.32	-0.172240153
11942.12	-54114.68	-0.172247723
11948.41	-54116.32	-0.172253013
11952.63	-54117.63	-0.172257200
11956.93	-54119.29	-0.172262564
11961.31	-54121.52	-0.172269717
11967.61	-54123.21	-0.172275156
11971.84	-54124.54	-0.172279418
11976.04	-54125.70	-0.172283173
11980.32	-54127.32	-0.172288373
11986.64	-54129.14	-0.172294229
11991.02	-54131.35	-0.172301307
11995.37	-54133.36	-0.172307789
12001.69	-54135.19	-0.172313675
12006.03	-54137.14	-0.172319934
12012.42	-54139.40	-0.172327191
12016.82	-54141.67	-0.172334507
12021.14	-54143.52	-0.172340453
12027.34	-54144.67	-0.172344133
12031.55	-54145.87	-0.172347993
12037.86	-54147.64	-0.172353685
12042.25	-54149.88	-0.172360882
12048.59	-54151.83	-0.172367170
12052.96	-54153.98	-0.172374070
12057.34	-54156.13	-0.172380999
12061.68	-54158.09	-0.172387287
12068.08	-54160.37	-0.172394633
12072.41	-54162.32	-0.172400892
12076.78	-54164.40	-0.172407568
12081.01	-54165.77	-0.172411978
12085.24	-54167.06	-0.172416136
12089.52	-54168.68	-0.172421351
12093.85	-54170.55	-0.172427341
12100.11	-54172.06	-0.172432214
12104.36	-54173.47	-0.172436744
12108.65	-54175.16	-0.172442183
12113.05	-54177.44	-0.172449484
12117.46	-54179.81	-0.172457129
12123.88	-54182.20	-0.172464818
12128.18	-54183.94	-0.172470391
12132.43	-54185.39	-0.172475070
12136.69	-54186.85	-0.172479764
12141.00	-54188.62	-0.172485456
12147.34	-54190.59	-0.172491789
12151.63	-54192.26	-0.172497138
12157.92	-54193.94	-0.172502533
12162.33	-54196.26	-0.172509998
12166.82	-54199.09	-0.172519103
12173.21	-54201.31	-0.172526255
12178.04	-54206.10	-0.172541648
12181.78	-54204.62	-0.172536895
12188.06	-54206.22	-0.172542036
12192.42	-54208.26	-0.172548592
12198.84	-54210.67	-0.172556341
12203.23	-54212.93	-0.172563612
12207.51	-54214.52	-0.172568709
12213.74	-54215.86	-0.172573015
12218.15	-54218.18	-0.172580466
12222.66	-54221.10	-0.172589868
12227.19	-54224.15	-0.172599658
12233.61	-54226.56	-0.172607407
12237.95	-54228.55	-0.172613814
12242.30	-54230.53	-0.172620192
12247.24	-54235.90	-0.172637463
12251.03	-54234.69	-0.172633559
12255.21	-54235.75	-0.172636971
12261.42	-54236.97	-0.172640905
12265.71	-54238.63	-0.172646224
12270.08	-54240.75	-0.172653049
12274.51	-54243.20	-0.172660917
12280.92	-54245.55	-0.172668487
12285.27	-54247.55	-0.172674894
12291.66	-54249.80	-0.172682151
12296.14	-54252.56	-0.172691002
12300.68	-54255.63	-0.172700897
12307.09	-54257.97	-0.172708422
12311.36	-54259.57	-0.172713548
12317.64	-54261.18	-0.172718719
12322.05	-54263.48	-0.172726139
12328.48	-54265.97	-0.172734126
12332.92	-54268.50	-0.172742248
12339.32	-54270.78	-0.172749594
12343.72	-54273.05	-0.172756895
12350.15	-54275.55	-0.172764927
12354.65	-54278.43	-0.172774181
12359.12	-54281.08	-0.172782719
12363.51	-54283.33	-0.172789946
12369.76	-54284.75	-0.172794521
12373.99	-54286.09	-0.172798827
12378.33	-54288.03	-0.172805041
12384.76	-54290.51	-0.172813028
12389.15	-54292.75	-0.172820225
12393.52	-54294.84	-0.172826961
12397.89	-54296.97	-0.172833785
12404.29	-54299.23	-0.172841057
12408.73	-54301.80	-0.172849327
12413.18	-54304.34	-0.172857508
12419.57	-54306.61	-0.172864810
12423.88	-54308.37	-0.172870457
12428.23	-54310.38	-0.172876909
12432.67	-54312.89	-0.172885001
12439.14	-54315.56	-0.172893584
12443.52	-54317.73	-0.172900558
12449.89	-54319.85	-0.172907367
12454.29	-54322.14	-0.172914714
12460.79	-54325.02	-0.172923997
12465.30	-54327.93	-0.172933340
12471.76	-54330.55	-0.172941759
12476.13	-54332.69	-0.172948658
12480.52	-54334.93	-0.172955856
12486.91	-54337.14	-0.172962964
12491.32	-54339.51	-0.172970578
12495.70	-54341.70	-0.172977626
12502.06	-54343.72	-0.172984108
12506.41	-54345.77	-0.172990695
12510.92	-54348.66	-0.172999993
12515.48	-54351.90	-0.173010409
12519.95	-54354.54	-0.173018903
12524.27	-54356.39	-0.173024863
12530.60	-54358.30	-0.173031002
12535.02	-54360.66	-0.173038572
12539.43	-54363.05	-0.173046261
12543.74	-54364.81	-0.173051924
12548.01	-54366.34	-0.173056856
12552.33	-54368.15	-0.173062667
12556.67	-54370.14	-0.173069045
12561.10	-54372.59	-0.173076943
12567.56	-54375.21	-0.173085377
12571.99	-54377.65	-0.173093200
12576.35	-54379.75	-0.173099950
12580.79	-54382.23	-0.173107922
12585.81	-54388.09	-0.173126772
12592.33	-54391.06	-0.173136324
12596.20	-54390.29	-0.173133850
12600.51	-54392.10	-0.173139662
12606.86	-54394.09	-0.173146069
12611.36	-54396.95	-0.173155248
12617.92	-54400.14	-0.173165515
12622.50	-54403.44	-0.173176125
12628.95	-54406.01	-0.173184395
12633.37	-54408.42	-0.173192158
12637.81	-54410.94	-0.173200250
12644.32	-54413.86	-0.173209652
12648.80	-54416.61	-0.173218489
12655.21	-54418.97	-0.173226058
12659.55	-54420.91	-0.173232317
12663.95	-54423.18	-0.173239589
12670.40	-54425.76	-0.173247904
12674.84	-54428.25	-0.173255920
12681.25	-54430.62	-0.173263535
12685.69	-54433.12	-0.173271552
12690.20	-54436.04	-0.173280954
12694.77	-54439.31	-0.173291475
12701.37	-54442.72	-0.173302427
12705.93	-54445.93	-0.173312753
12710.40	-54448.62	-0.173321411
12714.75	-54450.58	-0.173327714
12721.11	-54452.65	-0.173334375
12725.59	-54455.38	-0.173343152
12732.17	-54458.72	-0.173353896
12738.69	-54461.69	-0.173363417
12743.22	-54464.68	-0.173373044
12749.74	-54467.65	-0.173382595
12754.34	-54471.07	-0.173393607
12760.92	-54474.39	-0.173404261
12765.46	-54477.50	-0.173414260
12771.94	-54480.25	-0.173423097
12776.37	-54482.68	-0.173430935
12782.79	-54485.12	-0.173438758
12787.35	-54488.28	-0.173448920
12793.93	-54491.57	-0.173459515
12798.40	-54494.28	-0.173468217
12804.87	-54496.97	-0.173476860
12809.41	-54500.02	-0.173486680
12814.04	-54503.61	-0.173498228
12820.63	-54507.00	-0.173509121
12825.15	-54509.95	-0.173518598
12829.60	-54512.52	-0.173526883
12834.05	-54515.11	-0.173535198
12840.48	-54517.57	-0.173543110
12844.90	-54519.95	-0.173550785
12849.33	-54522.42	-0.173558697
12855.76	-54524.87	-0.173566595
12860.22	-54527.48	-0.173574984
12864.82	-54530.87	-0.173585892
12871.45	-54534.50	-0.173597544
12876.06	-54537.94	-0.173608631
12882.55	-54540.75	-0.173617661
12886.99	-54543.27	-0.173625752
12891.53	-54546.37	-0.173635721
12898.12	-54549.72	-0.173646510
12902.66	-54552.81	-0.173656449
12909.13	-54555.49	-0.173665062
12913.57	-54558.00	-0.173673123
12920.04	-54560.63	-0.173681587
12924.67	-54564.26	-0.173693269
12931.32	-54567.93	-0.173705071
12937.90	-54571.26	-0.173715755
12942.37	-54573.94	-0.173724368
12946.92	-54577.06	-0.173734412
12953.59	-54580.89	-0.173746735
12958.26	-54584.70	-0.173758984
12964.75	-54587.48	-0.173767909
12969.12	-54589.58	-0.173774689
12973.59	-54592.26	-0.173783302
12980.18	-54595.65	-0.173794210
12984.81	-54599.21	-0.173805639
12989.40	-54602.57	-0.173816457
12995.90	-54605.43	-0.173825637
13000.33	-54607.91	-0.173833624
13004.80	-54610.59	-0.173842236
13009.35	-54613.70	-0.173852250
13015.94	-54617.08	-0.173863113
13020.36	-54619.44	-0.173870713
13024.74	-54621.59	-0.173877612
13029.20	-54624.24	-0.173886120
13035.81	-54627.72	-0.173897311
13040.41	-54631.10	-0.173908189
13046.95	-54634.17	-0.173918068
13051.45	-54637.05	-0.173927322
13058.04	-54640.41	-0.173938125
13062.70	-54644.17	-0.173950225
13067.47	-54648.54	-0.173964277
13074.13	-54652.28	-0.173976302
13078.62	-54655.10	-0.173985362
13085.06	-54657.59	-0.173993379
13089.58	-54660.56	-0.174002931
13096.23	-54664.23	-0.174014732
13100.84	-54667.73	-0.174025983
13107.44	-54671.09	-0.174036801
13112.04	-54674.54	-0.174047902
13118.71	-54678.34	-0.174060106
13123.41	-54682.30	-0.174072847
13130.01	-54685.74	-0.174083903
13134.57	-54688.93	-0.174094170
13139.14	-54692.13	-0.174104467
13143.57	-54694.62	-0.174112454
13148.06	-54697.41	-0.174121439
13154.54	-54700.14	-0.174130216
13159.00	-54702.76	-0.174138635
13163.46	-54705.35	-0.174146965
13170.06	-54708.76	-0.174157932
13174.79	-54712.92	-0.174171314
13181.52	-54717.03	-0.174184546
13186.15	-54720.65	-0.174196184
13192.78	-54724.22	-0.174207658
13197.45	-54728.02	-0.174219877
13204.12	-54731.83	-0.174232125
13208.71	-54735.21	-0.174242988
13215.26	-54738.31	-0.174252957
13219.83	-54741.54	-0.174263373
13226.46	-54745.14	-0.174274951
13233.26	-54749.66	-0.174289480
13238.06	-54754.19	-0.174304053
13244.75	-54758.16	-0.174316794
13249.29	-54761.19	-0.174326539
13255.83	-54764.26	-0.174336433
13260.52	-54768.15	-0.174348950
13267.31	-54772.67	-0.174363479
13271.98	-54776.47	-0.174375698
13278.59	-54779.91	-0.174386755
13283.13	-54783.00	-0.174396709
13287.71	-54786.28	-0.174407244
13294.35	-54789.91	-0.174418926
13299.00	-54793.60	-0.174430773
13303.59	-54796.97	-0.174441636
13310.14	-54800.06	-0.174451560
13314.77	-54803.64	-0.174463063
13319.51	-54807.82	-0.174476519
13324.27	-54812.14	-0.174490422
13330.86	-54815.51	-0.174501240
13335.31	-54818.07	-0.174509495
13339.80	-54820.82	-0.174518332
13344.44	-54824.48	-0.174530089
13351.18	-54828.68	-0.174543619
13356.00	-54833.31	-0.174558491
13362.70	-54837.27	-0.174571231
13367.29	-54840.62	-0.174582019
13373.92	-54844.18	-0.174593449
13378.71	-54848.65	-0.174607843
13386.06	-54856.31	-0.174632460
13392.22	-54857.25	-0.174635485
13396.71	-54860.02	-0.174644411
13403.32	-54863.49	-0.174655572
13408.12	-54868.00	-0.174670070
13414.93	-54872.59	-0.174684837
13419.66	-54876.74	-0.174698174
13426.31	-54880.41	-0.174709976
13433.00	-54884.32	-0.174722567
13437.72	-54888.38	-0.174735606
13442.50	-54892.85	-0.174749985
13449.28	-54897.25	-0.174764156
13453.98	-54901.21	-0.174776897
13460.54	-54904.39	-0.174787119
13465.10	-54907.56	-0.174797311
13469.78	-54911.37	-0.174809560
13474.49	-54915.44	-0.174822643
13481.13	-54919.05	-0.174834251
13485.79	-54922.75	-0.174846172
13492.49	-54926.75	-0.174859017
13497.24	-54930.95	-0.174872547
13501.97	-54935.10	-0.174885884
13508.63	-54938.86	-0.174897984
13513.23	-54942.23	-0.174908817
13517.80	-54945.45	-0.174919158
13522.42	-54948.95	-0.174930423
13529.14	-54953.06	-0.174943656
13533.89	-54957.29	-0.174957260
13540.55	-54961.01	-0.174969211
13545.28	-54965.15	-0.174982548
13552.59	-54972.58	-0.175006449
13556.91	-54974.38	-0.175012216
13563.68	-54978.75	-0.175026268
13568.44	-54983.02	-0.175040022
13575.17	-54987.16	-0.175053313
13579.93	-54991.45	-0.175067142
13584.66	-54995.55	-0.175080329
13591.37	-54999.58	-0.175093293
13596.07	-55003.52	-0.175105959
13602.74	-55007.35	-0.175118282
13607.43	-55011.25	-0.175130799
13612.21	-55015.66	-0.175145000
13617.06	-55020.45	-0.175160393
13623.81	-55024.71	-0.175174117
13628.48	-55028.45	-0.175186142
13633.10	-55031.96	-0.175197423
13637.78	-55035.84	-0.175209925
13644.45	-55039.60	-0.175221995
13649.07	-55043.11	-0.175233305
13653.67	-55046.50	-0.175244212
13658.29	-55049.99	-0.175255418
13662.92	-55053.55	-0.175266877
13669.71	-55058.01	-0.175281227
13674.54	-55062.69	-0.175296262
13679.29	-55066.95	-0.175309971
13683.91	-55070.41	-0.175321102
13690.58	-55074.22	-0.175333351
13697.50	-55079.43	-0.175350130
13702.59	-55085.54	-0.175369769
13709.48	-55090.58	-0.175385982
13714.17	-55094.49	-0.175398573
13720.81	-55098.09	-0.175410151
13727.59	-55102.46	-0.175424203
13732.57	-55108.01	-0.175442040
13739.64	-55114.03	-0.175461411
13744.57	-55119.31	-0.175478384
13751.30	-55123.40	-0.175491571
13755.98	-55127.25	-0.175503939
13762.74	-55131.52	-0.175517678
13767.56	-55136.18	-0.175532669
13772.29	-55140.27	-0.175545827
13776.96	-55144.06	-0.175558001
13783.71	-55148.26	-0.175571516
13788.57	-55153.12	-0.175587147
13793.40	-55157.79	-0.175602168
13798.15	-55162.04	-0.175615847
13802.80	-55165.71	-0.175627649
13809.48	-55169.55	-0.175640017
13814.28	-55174.05	-0.175654471
13819.21	-55179.28	-0.175671294
13824.63	-55187.28	-0.175697044
13830.86	-55188.57	-0.175701201
13835.51	-55192.25	-0.175713032
13840.21	-55196.20	-0.175725743
13847.02	-55200.76	-0.175740421
13851.92	-55205.79	-0.175756574
13858.84	-55210.97	-0.175773248
13863.75	-55216.12	-0.175789803
13870.65	-55221.15	-0.175805986
13875.45	-55225.70	-0.175820634
13880.31	-55230.51	-0.175836116
13887.26	-55235.84	-0.175853267
13892.26	-55241.50	-0.175871447
13899.10	-55246.20	-0.175886586
13903.87	-55250.55	-0.175900564
13908.67	-55255.06	-0.175915092
13915.48	-55259.61	-0.175929710
13920.25	-55263.91	-0.175943568
13925.07	-55268.53	-0.175958410
13929.95	-55273.48	-0.175974324
13936.91	-55278.92	-0.175991833
13941.81	-55283.95	-0.176008016
13946.67	-55288.79	-0.176023602
13951.51	-55293.50	-0.176038742
13956.29	-55297.92	-0.176052973
13961.01	-55301.98	-0.176066011
13965.70	-55305.83	-0.176078409
13970.43	-55309.94	-0.176091641
13977.16	-55314.03	-0.176104784
13981.98	-55318.64	-0.176119626
13986.92	-55323.93	-0.176136643
13991.88	-55329.30	-0.176153913
13998.71	-55333.99	-0.176169008
14003.46	-55338.21	-0.176182568
14008.30	-55342.89	-0.176197633
14015.80	-55351.31	-0.176224723
14020.13	-55353.16	-0.176230684
14024.91	-55357.56	-0.176244840
14029.61	-55361.51	-0.176257536
14036.37	-55365.76	-0.176271215
14041.38	-55371.42	-0.176289424
14047.10	-55381.06	-0.176320449
14053.60	-55383.89	-0.176329553
14058.49	-55388.87	-0.176345557
14063.29	-55393.36	-0.176360011
14070.23	-55398.64	-0.176376984
14075.25	-55404.36	-0.176395386
14080.14	-55409.40	-0.176411599
14084.85	-55413.36	-0.176424339
14089.44	-55416.69	-0.176435053
14094.15	-55420.67	-0.176447868
14099.61	-55428.84	-0.176474139
14104.67	-55434.80	-0.176493317
14109.08	-55437.08	-0.176500663
14113.82	-55441.20	-0.176513925
14118.45	-55444.73	-0.176525280
14123.19	-55448.90	-0.176538691
14130.13	-55454.19	-0.176555708
14135.10	-55459.61	-0.176573157
14139.82	-55463.62	-0.176586047
14144.53	-55467.64	-0.176598981
14149.40	-55472.48	-0.176614568
14154.36	-55477.86	-0.176631868
14161.35	-55483.43	-0.176649779
14166.36	-55489.10	-0.176668033
14171.85	-55497.40	-0.176694736
14176.28	-55499.84	-0.176702574
14183.23	-55505.17	-0.176719725
14188.31	-55511.19	-0.176739097
14195.42	-55517.43	-0.176759183
14200.58	-55523.92	-0.176780060
14207.68	-55530.06	-0.176799804
14212.62	-55535.34	-0.176816806
14217.54	-55540.50	-0.176833406
14224.40	-55545.28	-0.176848769
14229.95	-55553.96	-0.176876724
14236.57	-55557.42	-0.176887840
14241.70	-55563.75	-0.176908195
14246.71	-55569.41	-0.176926434
14251.66	-55574.71	-0.176943481
14258.68	-55580.41	-0.176961809
14263.65	-55585.82	-0.176979229
14268.43	-55590.20	-0.176993310
14273.21	-55594.57	-0.177007362
14278.12	-55599.66	-0.177023739
14283.14	-55605.34	-0.177042022
14288.10	-55610.72	-0.177059337
14295.07	-55616.13	-0.177076757
14300.02	-55621.46	-0.177093908
14305.07	-55627.34	-0.177112803
14310.12	-55633.17	-0.177131563
14315.15	-55638.92	-0.177150071
14322.23	-55644.94	-0.177169442
14327.30	-55650.96	-0.177188814
14332.33	-55656.71	-0.177207321
14337.34	-55662.34	-0.177225426
14344.38	-55668.11	-0.177244008
14349.45	-55674.11	-0.177263305
14356.69	-55681.05	-0.177285627
14361.99	-55688.26	-0.177308828
14369.16	-55694.81	-0.177329913
14374.17	-55700.46	-0.177348092
14381.71	-55709.06	-0.177375779
14386.36	-55712.66	-0.177387357
14391.57	-55719.44	-0.177409157
14396.62	-55725.26	-0.177427888
14403.57	-55730.59	-0.177445054
14408.57	-55736.16	-0.177462965
14413.73	-55742.63	-0.177483797
14421.01	-55749.75	-0.177506685
14426.36	-55757.29	-0.177530959
14431.55	-55763.93	-0.177552328
14438.68	-55770.23	-0.177572593
14443.75	-55776.16	-0.177591696
14448.91	-55782.61	-0.177612454
14454.67	-55792.43	-0.177644044
14461.29	-55795.90	-0.177655205
14466.34	-55801.71	-0.177673906
14471.34	-55807.31	-0.177691922
14476.41	-55813.27	-0.177711099
14483.49	-55819.26	-0.177730367
14489.11	-55828.27	-0.177759364
14495.92	-55832.78	-0.177773893
14501.48	-55841.49	-0.177801922
14508.97	-55849.80	-0.177828640
14514.23	-55856.75	-0.177851036
14519.26	-55862.52	-0.177869588
14526.37	-55868.69	-0.177889451
14531.53	-55875.15	-0.177910239
14536.79	-55882.17	-0.177932829
14544.15	-55889.72	-0.177957118
14549.45	-55896.92	-0.177980304
14556.54	-55902.97	-0.177999750
14561.62	-55909.00	-0.178019151
14566.81	-55915.64	-0.178040519
14572.79	-55926.60	-0.178075805
14579.77	-55932.08	-0.178093448
14585.07	-55939.28	-0.178116605
14590.16	-55945.33	-0.178136095
14595.27	-55951.49	-0.178155914
14600.43	-55957.94	-0.178176671
14605.59	-55964.39	-0.178197429
14612.62	-55970.11	-0.178215817
14617.66	-55975.86	-0.178234324
14622.88	-55982.63	-0.178256139
14630.35	-55990.82	-0.178282470
14635.80	-55998.85	-0.178308323
14641.08	-56005.93	-0.178331107
14646.30	-56012.70	-0.178352907
14653.54	-56019.60	-0.178375095
14658.80	-56026.58	-0.178397566
14663.92	-56032.79	-0.178417549
14671.72	-56042.80	-0.178449765
14676.69	-56048.13	-0.178466916
14682.16	-56056.31	-0.178493261
14689.40	-56063.17	-0.178515330
14694.65	-56070.11	-0.178537667
14702.72	-56081.55	-0.178574488
14707.97	-56088.52	-0.178596929
14715.56	-56097.30	-0.178625181
14720.94	-56104.95	-0.178649798
14726.30	-56112.46	-0.178673968
14733.75	-56120.49	-0.178699821
14739.12	-56128.07	-0.178724214
14744.37	-56134.98	-0.178746462
14751.63	-56141.98	-0.178768978
14757.18	-56150.58	-0.178796664
14764.95	-56160.33	-0.178828031
14770.71	-56170.11	-0.178859532
14778.27	-56178.71	-0.178887188
14783.48	-56185.43	-0.178908840
14790.75	-56192.43	-0.178931355
14796.30	-56201.00	-0.178958938
14802.04	-56210.64	-0.178989962
14809.46	-56218.48	-0.179015219
14814.68	-56225.22	-0.179036900
14820.06	-56232.81	-0.179061338
14827.60	-56241.32	-0.179088727
14833.19	-56250.13	-0.179117084
14838.85	-56259.31	-0.179146647
14846.53	-56268.57	-0.179176435
14852.04	-56276.89	-0.179203227
14859.40	-56284.40	-0.179227382
14867.11	-56293.86	-0.179257855
14873.31	-56305.99	-0.179296896
14881.42	-56317.65	-0.179334432
14887.16	-56327.23	-0.179365262
14894.63	-56335.36	-0.179391414
14900.08	-56343.31	-0.179417014
14907.70	-56352.23	-0.179445744
14915.63	-56362.92	-0.179480135
14921.64	-56373.96	-0.179515690
14929.63	-56384.96	-0.179551095
14935.66	-56396.13	-0.179587036
14943.39	-56405.63	-0.179617643
14948.81	-56413.48	-0.179642901
14954.76	-56424.19	-0.179677367
14961.75	-56429.66	-0.179694980
14967.55	-56439.55	-0.179726824
14975.53	-56450.49	-0.179762036
14981.38	-56460.62	-0.179794639
14986.86	-56468.77	-0.179820895
14994.33	-56476.85	-0.179846898
15000.01	-56486.10	-0.179876685
15007.93	-56496.64	-0.179910600
15013.88	-56507.37	-0.179945141
15020.00	-56519.06	-0.179982796
15028.03	-56530.19	-0.180018619
15033.93	-56540.64	-0.180052251
15039.65	-56550.08	-0.180082649
15047.21	-56558.67	-0.180110291
15052.90	-56567.96	-0.180140197
15060.96	-56579.27	-0.180176616
15069.36	-56592.40	-0.180218905
15075.78	-56605.71	-0.180261731
15084.12	-56618.53	-0.180303022
15090.70	-56632.71	-0.180348665
15098.03	-56639.98	-0.180372074
15103.80	-56649.69	-0.180403322
15112.14	-56662.50	-0.180444568
15117.74	-56671.31	-0.180472940
15124.13	-56684.40	-0.180515081
15132.21	-56695.78	-0.180551723
15138.03	-56705.73	-0.180583760
15143.84	-56715.66	-0.180615723
15151.85	-56726.66	-0.180651158
15158.02	-56738.57	-0.180689499
15164.02	-56749.50	-0.180724680
15170.00	-56760.36	-0.180759639
15176.38	-56773.35	-0.180801481
15184.61	-56785.54	-0.180840716
15191.17	-56799.53	-0.180885777
15196.38	-56806.17	-0.180907145
15202.18	-56816.02	-0.180938870
15210.41	-56828.17	-0.180977985
15216.56	-56839.95	-0.181015909
15222.65	-56851.34	-0.181052580
15231.70	-56868.01	-0.181106269
15237.68	-56878.81	-0.181141049
15244.63	-56894.94	-0.181192979
15252.29	-56904.01	-0.181222200
15258.68	-56917.05	-0.181264192
15267.37	-56931.71	-0.181311399
15274.00	-56946.09	-0.181357682
15282.88	-56961.78	-0.181408226
15289.40	-56975.52	-0.181452468
15297.72	-56988.12	-0.181493044
15303.99	-57000.51	-0.181532949
15312.71	-57015.35	-0.181580722
15319.41	-57030.06	-0.181628078
15328.38	-57046.21	-0.181680113
15336.30	-57067.53	-0.181748763
15340.62	-57069.29	-0.181754410
15340.89	-57048.99	-0.181689039
15344.29	-57034.84	-0.181643471
15347.93	-57032.85	-0.181637064
15353.30	-57040.31	-0.181661084
15358.81	-57048.57	-0.181687683
15364.27	-57045.59	-0.181678087
15366.82	-57037.73	-0.181652799
15370.85	-57027.01	-0.181618258
15374.82	-57026.80	-0.181617588
15381.77	-57031.98	-0.181634262
15386.46	-57035.74	-0.181646392
15390.07	-57033.61	-0.181639507
15394.54	-57025.31	-0.181612790
